<?xml version="1.0" encoding="UTF-8" standalone="no"?>
<!DOCTYPE svg PUBLIC "-//W3C//DTD SVG 20010904//EN"
              "http://www.w3.org/TR/2001/REC-SVG-20010904/DTD/svg10.dtd">

<svg xmlns="http://www.w3.org/2000/svg"
     width="3.13333in" height="3.13333in"
     viewBox="0 0 282 282">
  <path id="path1423"
        fill="none" stroke="black" stroke-width="1"
        d="M 122.93,0.00
           C 122.93,0.00 40.69,162.49 40.69,162.49
             40.69,162.49 89.67,162.49 89.67,162.49
             89.67,162.49 122.93,96.69 122.93,96.69
             122.93,96.69 156.26,162.46 156.26,162.46
             156.26,162.46 205.27,162.46 205.27,162.46
             205.27,162.46 122.93,0.00 122.93,0.00 Z
           M 120.23,165.13
           C 120.23,165.13 180.79,284.64 180.79,284.64
             180.79,284.64 241.31,165.13 241.31,165.13
             241.31,165.13 205.27,165.13 205.27,165.13
             205.27,165.13 180.79,213.49 180.79,213.49
             180.79,213.49 156.23,165.13 156.23,165.13
             156.23,165.13 120.23,165.13 120.23,165.13 Z" />
</svg>
